150000
125000
525000
75000
129000
71000
525000
87000
107000
81000
75000
117000
107000
61000
83000
900000
40000
63000
111000
525000
115000
900000
79000
55000
129000
71000
119000
127000
79000
27500
55000
99000
127000
101000
77000
123000
27500
91000
45000
63000
95000
71000
81000
63000
71000
150000
89000
525000
97000
40000
77000
45000
115000
91000
121000
40000
59000
65000
123000
83000
129000
91000
49000
89000
150000
109000
81000
55000
71000
83000
99000
101000
71000
135000
85000
117000
125000
91000
95000
123000
109000
113000
67000
53000
79000
71000
121000
123000
135000
85000
81000
83000
127000
105000
47000
75000
83000
93000
51000
127000
111000
49000
97000
47000
91000
127000
63000
75000
77000
99000
75000
15000
65000
89000
93000
150000
109000
103000
55000
77000
99000
111000
113000
121000
95000
129000
89000
150000
135000
150000
103000
77000
127000
117000
15000
99000
107000
49000
525000
127000
121000
40000
101000
712500
71000
55000
65000
49000
73000
81000
73000
109000
59000
95000
91000
67000
91000
900000
15000
103000
81000
77000
119000
27500
79000
150000
121000
83000
51000
55000
109000
121000
123000
712500
15000
61000
107000
81000
79000
111000
55000
105000
93000
53000
91000
83000
115000
123000
109000
73000
49000
67000
59000
900000
95000
113000
51000
47000
150000
73000
63000
117000
77000
91000
111000
83000
85000
109000
79000
79000
103000
125000
85000
67000
77000
113000
63000
47000
900000
105000
105000
125000
525000
127000
53000
79000
117000
129000
111000
75000
59000
123000
89000
49000
123000
123000
71000
115000
55000
337500
15000
59000
79000
53000
119000
525000
127000
83000
101000
113000
99000
63000
150000
900000
83000
105000
89000
135000
53000
59000
55000
900000
525000
97000
113000
127000
47000
111000
59000
99000
65000
129000
83000
15000
85000
121000
525000
337500
105000
15000
45000
93000
93000
127000
337500
77000
53000
79000
85000
87000
67000
127000
109000
81000
900000
101000
40000
55000
111000
111000
150000
61000
55000
79000
107000
49000
150000
75000
73000
59000
107000
65000
77000
111000
900000
107000
47000
51000
85000
115000
73000
75000
121000
61000
59000
103000
85000
129000
47000
55000
337500
115000
53000
79000
127000
63000
49000
129000
117000
40000
51000
15000
107000
109000
55000
71000
55000
123000
55000
900000
337500
900000
93000
123000
111000
40000
121000
119000
51000
61000
337500
77000
40000
97000
65000
73000
49000
79000
117000
111000
113000
117000
135000
40000
59000
107000
91000
97000
87000
113000
93000
97000
91000
123000
712500
119000
65000
47000
77000
150000
85000
73000
105000
73000
77000
79000
99000
61000
85000
97000
119000
91000
51000
129000
97000
75000
105000
40000
105000
95000
93000
61000
53000
71000
123000
61000
712500
525000
99000
75000
89000
59000
103000
113000
65000
123000
27500
101000
53000
93000
125000
107000
67000
109000
40000
85000
109000
67000
97000
15000
27500
63000
77000
119000
27500
75000
150000
27500
125000
27500
135000
101000
63000
93000
47000
73000
91000
105000
53000
117000
85000
95000
15000
712500
103000
109000
91000
337500
121000
67000
89000
121000
61000
89000
53000
85000
107000
81000
117000
900000
73000
49000
89000
85000
49000
79000
125000
73000
129000
99000
337500
109000
75000
525000
129000
71000
77000
119000
85000
79000
27500
115000
73000
337500
63000
150000
97000
89000
40000
101000
49000
55000
75000
117000
91000
109000
712500
59000
27500
712500
15000
79000
95000
49000
79000
103000
525000
61000
127000
123000
111000
105000
127000
97000
93000
75000
115000
115000
79000
83000
40000
45000
85000
47000
129000
27500
71000
121000
119000
91000
93000
71000
135000
75000
115000
127000
83000
71000
109000
77000
525000
47000
91000
123000
61000
105000
113000
53000
63000
77000
51000
81000
109000
91000
105000
77000
55000
125000
95000
73000
83000
15000
127000
127000
115000
65000
97000
55000
87000
103000
61000
85000
79000
55000
103000
109000
525000
85000
85000
111000
900000
93000
45000
55000
55000
105000
67000
63000
49000
89000
45000
123000
75000
712500
127000
107000
525000
93000
129000
51000
337500
15000
107000
95000
97000
65000
27500
89000
97000
337500
103000
99000
115000
115000
85000
101000
99000
45000
53000
121000
15000
79000
81000
91000
87000
15000
85000
81000
59000
59000
67000
105000
81000
712500
97000
123000
525000
87000
61000
55000
337500
103000
40000
75000
125000
113000
111000
51000
45000
900000
89000
65000
85000
712500
337500
99000
83000
111000
115000
71000
81000
65000
61000
125000
91000
712500
111000
900000
97000
119000
27500
87000
93000
45000
15000
81000
91000
105000
75000
15000
87000
115000
103000
337500
85000
40000
125000
71000
15000
59000
91000
337500
75000
150000
55000
93000
51000
15000
47000
53000
127000
115000
61000
123000
67000
75000
15000
95000
67000
67000
115000
73000
40000
150000
115000
119000
95000
712500
81000
115000
93000
27500
45000
99000
337500
59000
101000
93000
87000
87000
47000
127000
115000
900000
51000
83000
55000
87000
103000
337500
105000
111000
51000
107000
27500
51000
87000
87000
135000
135000
89000
93000
105000
79000
117000
97000
95000
119000
525000
65000
83000
712500
119000
103000
55000
93000
123000
73000
27500
337500
150000
40000
135000
101000
89000
79000
75000
89000
53000
71000
109000
127000
95000
51000
712500
119000
121000
99000
49000
127000
65000
103000
45000
105000
111000
113000
75000
89000
115000
49000
81000
61000
47000
525000
95000
77000
105000
73000
75000
15000
101000
91000
127000
109000
525000
45000
49000
712500
121000
107000
119000
87000
107000
55000
87000
55000
91000
107000
103000
111000
71000
123000
129000
109000
53000
77000
59000
107000
135000
103000
121000
135000
99000
55000
53000
121000
121000
123000
337500
525000
712500
83000
51000
40000
85000
49000
73000
107000
53000
125000
125000
91000
105000
73000
51000
712500
47000
67000
121000
121000
49000
91000
337500
81000
81000
103000
51000
97000
115000
15000
150000
95000
71000
47000
83000
150000
67000
101000
77000
27500
103000
27500
63000
525000
87000
107000
47000
49000
135000
81000
67000
105000
712500
59000
123000
59000
121000
115000
119000
97000
103000
77000
45000
27500
93000
125000
89000
91000
51000
93000
53000
89000
63000
101000
73000
337500
107000
51000
89000
81000
27500
83000
121000
67000
127000
77000
135000
900000
123000
107000
55000
125000
87000
525000
103000
123000
123000
103000
900000
47000
51000
81000
97000
95000
49000
129000
87000
900000
75000
150000
150000
111000
99000
107000
75000
65000
337500
89000
73000
525000
53000
49000
127000
53000
53000
71000
55000
87000
87000
65000
55000
91000
525000
111000
115000
113000
85000
73000
73000
47000
525000
105000
525000
53000
337500
71000
45000
712500
65000
135000
85000
123000
115000
85000
105000
101000
99000
525000
85000
103000
61000
59000
900000
40000
117000
73000
81000
45000
150000
101000
712500
49000
40000
85000
135000
125000
109000
53000
103000
65000
67000
129000
85000
103000
89000
63000
97000
123000
107000
53000
77000
45000
49000
45000
51000
81000
47000
99000
85000
49000
129000
129000
107000
79000
111000
93000
87000
81000
45000
65000
103000
95000
47000
55000
87000
121000
117000
83000
900000
712500
83000
115000
93000
103000
61000
99000
115000
103000
150000
712500
81000
109000
123000
47000
95000
63000
117000
61000
63000
113000
93000
119000
127000
127000
117000
101000
107000
40000
900000
65000
73000
900000
79000
712500
65000
150000
712500
91000
27500
87000
150000
65000
117000
73000
77000
150000
150000
123000
75000
135000
337500
109000
150000
712500
77000
53000
150000
115000
40000
101000
79000
107000
79000
77000
93000
61000
53000
115000
89000
99000
73000
103000
119000
123000
99000
93000
91000
712500
55000
117000
93000
45000
109000
109000
59000
525000
115000
103000
67000
53000
67000
40000
135000
117000
101000
135000
113000
65000
79000
712500
105000
101000
93000
525000
119000
95000
49000
129000
129000
107000
97000
49000
150000
65000
117000
79000
95000
113000
123000
129000
101000
99000
67000
525000
85000
105000
117000
337500
525000
712500
337500
15000
91000
65000
150000
79000
67000
113000
712500
125000
77000
89000
49000
71000
127000
337500
87000
119000
101000
73000
109000
95000
525000
71000
150000
105000
103000
51000
125000
525000
77000
63000
119000
49000
337500
73000
75000
900000
123000
107000
712500
27500
525000
81000
107000
111000
53000
525000
127000
129000
77000
49000
123000
77000
85000
71000
71000
77000
51000
27500
67000
71000
95000
107000
47000
47000
85000
85000
87000
109000
93000
81000
47000
83000
97000
150000
83000
65000
107000
27500
81000
127000
113000
55000
95000
117000
121000
135000
107000
77000
45000
150000
87000
45000
65000
150000
91000
59000
105000
77000
109000
63000
81000
105000
87000
61000
91000
93000
111000
109000
95000
337500
150000
51000
79000
83000
85000
97000
81000
127000
47000
101000
53000
83000
95000
89000
65000
47000
127000
115000
63000
119000
95000
87000
115000
67000
77000
99000
117000
83000
712500
129000
525000
101000
59000
89000
129000
61000
107000
123000
49000
40000
53000
125000
63000
67000
111000
105000
91000
119000
95000
107000
81000
900000
61000
150000
77000
73000
51000
107000
55000
111000
55000
59000
40000
101000
105000
111000
95000
63000
79000
109000
101000
135000
115000
49000
87000
87000
51000
47000
59000
525000
121000
123000
111000
81000
95000
27500
99000
15000
67000
87000
125000
99000
15000
27500
117000
73000
113000
107000
117000
337500
127000
51000
525000
123000
61000
123000
51000
129000
77000
63000
337500
89000
49000
135000
95000
97000
105000
525000
47000
123000
525000
73000
65000
123000
40000
150000
47000
40000
47000
525000
115000
47000
63000
101000
63000
129000
129000
77000
63000
47000
337500
135000
87000
53000
111000
81000
129000
115000
51000
105000
125000
55000
85000
117000
337500
27500
127000
45000
135000
63000
103000
91000
77000
27500
51000
103000
97000
135000
115000
150000
47000
89000
107000
337500
73000
73000
67000
61000
125000
97000
127000
115000
15000
85000
115000
40000
47000
73000
53000
121000
81000
75000
85000
91000
135000
51000
49000
95000
67000
40000
115000
525000
119000
103000
99000
117000
99000
113000
111000
712500
79000
89000
109000
73000
85000
900000
113000
109000
150000
61000
87000
117000
109000
85000
71000
113000
73000
45000
150000
111000
67000
59000
67000
337500
45000
89000
99000
97000
77000
115000
81000
121000
55000
525000
79000
67000
95000
77000
337500
119000
117000
73000
127000
135000
121000
27500
150000
712500
77000
59000
45000
71000
53000
81000
79000
63000
75000
119000
49000
99000
125000
93000
337500
79000
93000
97000
40000
49000
75000
125000
83000
53000
99000
111000
63000
87000
712500
107000
111000
107000
51000
47000
103000
79000
59000
81000
71000
85000
53000
81000
63000
71000
129000
83000
49000
712500
87000
95000
59000
81000
97000
65000
119000
85000
63000
125000
55000
109000
73000
99000
121000
125000
59000
59000
99000
49000
71000
71000
93000
97000
55000
119000
71000
115000
79000
117000
27500
113000
75000
525000
61000
91000
337500
105000
103000
127000
900000
75000
59000
125000
59000
127000
115000
135000
49000
97000
47000
85000
113000
99000
111000
67000
101000
45000
525000
135000
63000
101000
63000
337500
135000
81000
40000
109000
150000
111000
121000
97000
127000
27500
127000
55000
109000
53000
65000
337500
59000
125000
113000
63000
87000
115000
127000
73000
61000
49000
712500
97000
113000
99000
129000
97000
101000
525000
83000
900000
103000
67000
51000
99000
75000
123000
150000
111000
15000
93000
115000
89000
99000
119000
129000
61000
103000
27500
103000
125000
89000
337500
49000
65000
67000
900000
91000
67000
135000
99000
89000
117000
27500
53000
121000
67000
67000
73000
49000
53000
59000
71000
77000
79000
89000
81000
119000
525000
95000
67000
75000
127000
117000
85000
40000
79000
71000
65000
63000
105000
712500
27500
67000
91000
79000
97000
109000
65000
101000
81000
47000
40000
109000
150000
525000
91000
79000
525000
89000
97000
107000
135000
63000
127000
111000
525000
63000
15000
81000
63000
97000
89000
93000
67000
53000
49000
93000
95000
27500
53000
15000
113000
135000
125000
93000
99000
77000
27500
79000
109000
71000
712500
117000
525000
51000
113000
525000
337500
59000
55000
27500
89000
47000
65000
67000
89000
712500
71000
115000
135000
15000
83000
105000
525000
113000
47000
135000
53000
95000
127000
73000
95000
71000
150000
45000
81000
150000
712500
73000
55000
51000
525000
67000
103000
91000
105000
93000
67000
89000
51000
63000
89000
93000
27500
123000
65000
97000
129000
63000
73000
135000
51000
59000
127000
87000
103000
89000
93000
103000
150000
71000
87000
40000
45000
61000
135000
73000
111000
900000
95000
97000
123000
91000
115000
135000
97000
91000
61000
73000
47000
89000
123000
53000
59000
97000
127000
107000
89000
77000
125000
49000
75000
109000
129000
129000
107000
63000
123000
77000
61000
61000
87000
47000
105000
49000
47000
525000
53000
525000
63000
59000
712500
150000
103000
525000
125000
63000
83000
113000
95000
337500
45000
119000
123000
119000
900000
103000
47000
127000
113000
63000
91000
51000
123000
49000
55000
337500
55000
150000
111000
129000
59000
